82506
84509
86427
88379
90387
92498
94415
96465
98396
100394
102300
104195
106167
108111
110078
112198
114206
116272
118308
120374
122444
124524
126436
128467
130420
132381
134485
136489
138464
140490
142561
144668
146760
148851
150894
152958
154978
156950
158913
160838
162919
164897
166887
169006
170912
172840
174954
177013
179341
181344
183262
185214
187222
189333
191250
193300
195231
197229
199135
201030
203002
204946
206913
209033
211041
213107
215143
217209
219279
221359
223271
225302
227255
229216
231320
233324
235299
237325
239396
241503
243595
245686
247729
249793
251813
253785
255748
257673
259754
261732
263722
265841
267747
269675
271789
273848
276176
278179
280097
282049
284057
286168
288085
290135
292066
294064
295970
297865
299837
301781
303748
305868
307876
309942
311978
314044
316114
318194
320106
322137
324090
326051
328155
330159
332134
334160
336231
338338
340430
342521
344564
346628
348648
350620
352583
354508
356589
358567
360557
362676
364582
366510
368624
370683
373011
375014
376932
378884
380892
383003
384920
386970
388901
390899
392805
394700
396672
398616
400583
402703
404711
406777
408813
410879
412949
415029
416941
418972
420925
422886
424990
426994
428969
430995
433066
435173
437265
439356
441399
443463
445483
447455
449418
451343
453424
455402
457392
459511
461417
463345
465459
467518
469846
471849
473767
475719
477727
479838
481755
483805
485736
487734
489640
491535
493507
495451
497418
499538
501546
503612
505648
507714
509784
511864
513776
515807
517760
519721
521825
523829
525804
527830
529901
532008
534100
536191
538234
540298
542318
544290
546253
548178
550259
552237
554227
556346
558252
560180
562294
564353
566681
568684
570602
572554
574562
576673
578590
580640
582571
584569
586475
588370
590342
592286
594253
596373
598381
600447
602483
604549
606619
608699
610611
612642
614595
616556
618660
620664
622639
624665
626736
628843
630935
633026
635069
637133
639153
641125
643088
645013
647094
649072
651062
653181
655087
657015
659129
661188
