79887
81890
83808
85760
87768
89879
91796
93846
95777
97775
99681
101576
103548
105492
107459
109579
111587
113653
115689
117755
119825
121905
123817
125848
127801
129762
131866
133870
135845
137871
139942
142049
144141
146232
148275
150339
152359
154331
156294
158219
160300
162278
164268
166387
168293
170221
172335
174394
176722
178725
180643
182595
184603
186714
188631
190681
192612
194610
196516
198411
200383
202327
204294
206414
208422
210488
212524
214590
216660
218740
220652
222683
224636
226597
228701
230705
232680
234706
236777
238884
240976
243067
245110
247174
249194
251166
253129
255054
257135
259113
261103
263222
265128
267056
269170
271229
273557
275560
277478
279430
281438
283549
285466
287516
289447
291445
293351
295246
297218
299162
301129
303249
305257
307323
309359
311425
313495
315575
317487
319518
321471
323432
325536
327540
329515
331541
333612
335719
337811
339902
341945
344009
346029
348001
349964
351889
353970
355948
357938
360057
361963
363891
366005
368064
370392
372395
374313
376265
378273
380384
382301
384351
386282
388280
390186
392081
394053
395997
397964
400084
402092
404158
406194
408260
410330
412410
414322
416353
418306
420267
422371
424375
426350
428376
430447
432554
434646
436737
438780
440844
442864
444836
446799
448724
450805
452783
454773
456892
458798
460726
462840
464899
467227
469230
471148
473100
475108
477219
479136
481186
483117
485115
487021
488916
490888
492832
494799
496919
498927
500993
503029
505095
507165
509245
511157
513188
515141
517102
519206
521210
523185
525211
527282
529389
531481
533572
535615
537679
539699
541671
543634
545559
547640
549618
551608
553727
555633
557561
559675
561734
564062
566065
567983
569935
571943
574054
575971
578021
579952
581950
583856
585751
587723
589667
591634
593754
595762
597828
599864
601930
604000
606080
607992
610023
611976
613937
616041
618045
620020
622046
624117
626224
628316
630407
632450
634514
636534
638506
640469
642394
644475
646453
648443
650562
652468
654396
656510
658569
