99703
101706
103624
105576
107584
109695
111612
113662
115593
117591
119497
121392
123364
125308
127275
129395
131403
133469
135505
137571
139641
141721
143633
145664
147617
149578
151682
153686
155661
157687
159758
161865
163957
166048
168091
170155
172175
174147
176110
178035
180116
182094
184084
186203
188109
190037
192151
194210
196538
198541
200459
202411
204419
206530
208447
210497
212428
214426
216332
218227
220199
222143
224110
226230
228238
230304
232340
234406
236476
238556
240468
242499
244452
246413
248517
250521
252496
254522
256593
258700
260792
262883
264926
266990
269010
270982
272945
274870
276951
278929
280919
283038
284944
286872
288986
291045
293373
295376
297294
299246
301254
303365
305282
307332
309263
311261
313167
315062
317034
318978
320945
323065
325073
327139
329175
331241
333311
335391
337303
339334
341287
343248
345352
347356
349331
351357
353428
355535
357627
359718
361761
363825
365845
367817
369780
371705
373786
375764
377754
379873
381779
383707
385821
387880
390208
392211
394129
396081
398089
400200
402117
404167
406098
408096
410002
411897
413869
415813
417780
419900
421908
423974
426010
428076
430146
432226
434138
436169
438122
440083
442187
444191
446166
448192
450263
452370
454462
456553
458596
460660
462680
464652
466615
468540
470621
472599
474589
476708
478614
480542
482656
484715
487043
489046
490964
492916
494924
497035
498952
501002
502933
504931
506837
508732
510704
512648
514615
516735
518743
520809
522845
524911
526981
529061
530973
533004
534957
536918
539022
541026
543001
545027
547098
549205
551297
553388
555431
557495
559515
561487
563450
565375
567456
569434
571424
573543
575449
577377
579491
581550
583878
585881
587799
589751
591759
593870
595787
597837
599768
601766
603672
605567
607539
609483
611450
613570
615578
617644
619680
621746
623816
625896
627808
629839
631792
633753
635857
637861
639836
641862
643933
646040
648132
650223
652266
654330
656350
658322
660285
662210
664291
666269
668259
670378
672284
674212
676326
678385
