106840
108843
110761
112713
114721
116832
118749
120799
122730
124728
126634
128529
130501
132445
134412
136532
138540
140606
142642
144708
146778
148858
150770
152801
154754
156715
158819
160823
162798
164824
166895
169002
171094
173185
175228
177292
179312
181284
183247
185172
187253
189231
191221
193340
195246
197174
199288
201347
203675
205678
207596
209548
211556
213667
215584
217634
219565
221563
223469
225364
227336
229280
231247
233367
235375
237441
239477
241543
243613
245693
247605
249636
251589
253550
255654
257658
259633
261659
263730
265837
267929
270020
272063
274127
276147
278119
280082
282007
284088
286066
288056
290175
292081
294009
296123
298182
300510
302513
304431
306383
308391
310502
312419
314469
316400
318398
320304
322199
324171
326115
328082
330202
332210
334276
336312
338378
340448
342528
344440
346471
348424
350385
352489
354493
356468
358494
360565
362672
364764
366855
368898
370962
372982
374954
376917
378842
380923
382901
384891
387010
388916
390844
392958
395017
397345
399348
401266
403218
405226
407337
409254
411304
413235
415233
417139
419034
421006
422950
424917
427037
429045
431111
433147
435213
437283
439363
441275
443306
445259
447220
449324
451328
453303
455329
457400
459507
461599
463690
465733
467797
469817
471789
473752
475677
477758
479736
481726
483845
485751
487679
489793
491852
494180
496183
498101
500053
502061
504172
506089
508139
510070
512068
513974
515869
517841
519785
521752
523872
525880
527946
529982
532048
534118
536198
538110
540141
542094
544055
546159
548163
550138
552164
554235
556342
558434
560525
562568
564632
566652
568624
570587
572512
574593
576571
578561
580680
582586
584514
586628
588687
591015
593018
594936
596888
598896
601007
602924
604974
606905
608903
610809
612704
614676
616620
618587
620707
622715
624781
626817
628883
630953
633033
634945
636976
638929
640890
642994
644998
646973
648999
651070
653177
655269
657360
659403
661467
663487
665459
667422
669347
671428
673406
675396
677515
679421
681349
683463
685522
