94938
96941
98859
100811
102819
104930
106847
108897
110828
112826
114732
116627
118599
120543
122510
124630
126638
128704
130740
132806
134876
136956
138868
140899
142852
144813
146917
148921
150896
152922
154993
157100
159192
161283
163326
165390
167410
169382
171345
173270
175351
177329
179319
181438
183344
185272
187386
189445
191773
193776
195694
197646
199654
201765
203682
205732
207663
209661
211567
213462
215434
217378
219345
221465
223473
225539
227575
229641
231711
233791
235703
237734
239687
241648
243752
245756
247731
249757
251828
253935
256027
258118
260161
262225
264245
266217
268180
270105
272186
274164
276154
278273
280179
282107
284221
286280
288608
290611
292529
294481
296489
298600
300517
302567
304498
306496
308402
310297
312269
314213
316180
318300
320308
322374
324410
326476
328546
330626
332538
334569
336522
338483
340587
342591
344566
346592
348663
350770
352862
354953
356996
359060
361080
363052
365015
366940
369021
370999
372989
375108
377014
378942
381056
383115
385443
387446
389364
391316
393324
395435
397352
399402
401333
403331
405237
407132
409104
411048
413015
415135
417143
419209
421245
423311
425381
427461
429373
431404
433357
435318
437422
439426
441401
443427
445498
447605
449697
451788
453831
455895
457915
459887
461850
463775
465856
467834
469824
471943
473849
475777
477891
479950
482278
484281
486199
488151
490159
492270
494187
496237
498168
500166
502072
503967
505939
507883
509850
511970
513978
516044
518080
520146
522216
524296
526208
528239
530192
532153
534257
536261
538236
540262
542333
544440
546532
548623
550666
552730
554750
556722
558685
560610
562691
564669
566659
568778
570684
572612
574726
576785
579113
581116
583034
584986
586994
589105
591022
593072
595003
597001
598907
600802
602774
604718
606685
608805
610813
612879
614915
616981
619051
621131
623043
625074
627027
628988
631092
633096
635071
637097
639168
641275
643367
645458
647501
649565
651585
653557
655520
657445
659526
661504
663494
665613
667519
669447
671561
673620
