86213
88216
90134
92086
94094
96205
98122
100172
102103
104101
106007
107902
109874
111818
113785
115905
117913
119979
122015
124081
126151
128231
130143
132174
134127
136088
138192
140196
142171
144197
146268
148375
150467
152558
154601
156665
158685
160657
162620
164545
166626
168604
170594
172713
174619
176547
178661
180720
183048
185051
186969
188921
190929
193040
194957
197007
198938
200936
202842
204737
206709
208653
210620
212740
214748
216814
218850
220916
222986
225066
226978
229009
230962
232923
235027
237031
239006
241032
243103
245210
247302
249393
251436
253500
255520
257492
259455
261380
263461
265439
267429
269548
271454
273382
275496
277555
279883
281886
283804
285756
287764
289875
291792
293842
295773
297771
299677
301572
303544
305488
307455
309575
311583
313649
315685
317751
319821
321901
323813
325844
327797
329758
331862
333866
335841
337867
339938
342045
344137
346228
348271
350335
352355
354327
356290
358215
360296
362274
364264
366383
368289
370217
372331
374390
376718
378721
380639
382591
384599
386710
388627
390677
392608
394606
396512
398407
400379
402323
404290
406410
408418
410484
412520
414586
416656
418736
420648
422679
424632
426593
428697
430701
432676
434702
436773
438880
440972
443063
445106
447170
449190
451162
453125
455050
457131
459109
461099
463218
465124
467052
469166
471225
473553
475556
477474
479426
481434
483545
485462
487512
489443
491441
493347
495242
497214
499158
501125
503245
505253
507319
509355
511421
513491
515571
517483
519514
521467
523428
525532
527536
529511
531537
533608
535715
537807
539898
541941
544005
546025
547997
549960
551885
553966
555944
557934
560053
561959
563887
566001
568060
570388
572391
574309
576261
578269
580380
582297
584347
586278
588276
590182
592077
594049
595993
597960
600080
602088
604154
606190
608256
610326
612406
614318
616349
618302
620263
622367
624371
626346
628372
630443
632550
634642
636733
638776
640840
642860
644832
646795
648720
650801
652779
654769
656888
658794
660722
662836
664895
