107632
109635
111553
113505
115513
117624
119541
121591
123522
125520
127426
129321
131293
133237
135204
137324
139332
141398
143434
145500
147570
149650
151562
153593
155546
157507
159611
161615
163590
165616
167687
169794
171886
173977
176020
178084
180104
182076
184039
185964
188045
190023
192013
194132
196038
197966
200080
202139
204467
206470
208388
210340
212348
214459
216376
218426
220357
222355
224261
226156
228128
230072
232039
234159
236167
238233
240269
242335
244405
246485
248397
250428
252381
254342
256446
258450
260425
262451
264522
266629
268721
270812
272855
274919
276939
278911
280874
282799
284880
286858
288848
290967
292873
294801
296915
298974
301302
303305
305223
307175
309183
311294
313211
315261
317192
319190
321096
322991
324963
326907
328874
330994
333002
335068
337104
339170
341240
343320
345232
347263
349216
351177
353281
355285
357260
359286
361357
363464
365556
367647
369690
371754
373774
375746
377709
379634
381715
383693
385683
387802
389708
391636
393750
395809
398137
400140
402058
404010
406018
408129
410046
412096
414027
416025
417931
419826
421798
423742
425709
427829
429837
431903
433939
436005
438075
440155
442067
444098
446051
448012
450116
452120
454095
456121
458192
460299
462391
464482
466525
468589
470609
472581
474544
476469
478550
480528
482518
484637
486543
488471
490585
492644
494972
496975
498893
500845
502853
504964
506881
508931
510862
512860
514766
516661
518633
520577
522544
524664
526672
528738
530774
532840
534910
536990
538902
540933
542886
544847
546951
548955
550930
552956
555027
557134
559226
561317
563360
565424
567444
569416
571379
573304
575385
577363
579353
581472
583378
585306
587420
589479
591807
593810
595728
597680
599688
601799
603716
605766
607697
609695
611601
613496
615468
617412
619379
621499
623507
625573
627609
629675
631745
633825
635737
637768
639721
641682
643786
645790
647765
649791
651862
653969
656061
658152
660195
662259
664279
666251
668214
670139
672220
674198
676188
678307
680213
682141
684255
686314
