92975
94978
96896
98848
100856
102967
104884
106934
108865
110863
112769
114664
116636
118580
120547
122667
124675
126741
128777
130843
132913
134993
136905
138936
140889
142850
144954
146958
148933
150959
153030
155137
157229
159320
161363
163427
165447
167419
169382
171307
173388
175366
177356
179475
181381
183309
185423
187482
189810
191813
193731
195683
197691
199802
201719
203769
205700
207698
209604
211499
213471
215415
217382
219502
221510
223576
225612
227678
229748
231828
233740
235771
237724
239685
241789
243793
245768
247794
249865
251972
254064
256155
258198
260262
262282
264254
266217
268142
270223
272201
274191
276310
278216
280144
282258
284317
286645
288648
290566
292518
294526
296637
298554
300604
302535
304533
306439
308334
310306
312250
314217
316337
318345
320411
322447
324513
326583
328663
330575
332606
334559
336520
338624
340628
342603
344629
346700
348807
350899
352990
355033
357097
359117
361089
363052
364977
367058
369036
371026
373145
375051
376979
379093
381152
383480
385483
387401
389353
391361
393472
395389
397439
399370
401368
403274
405169
407141
409085
411052
413172
415180
417246
419282
421348
423418
425498
427410
429441
431394
433355
435459
437463
439438
441464
443535
445642
447734
449825
451868
453932
455952
457924
459887
461812
463893
465871
467861
469980
471886
473814
475928
477987
480315
482318
484236
486188
488196
490307
492224
494274
496205
498203
500109
502004
503976
505920
507887
510007
512015
514081
516117
518183
520253
522333
524245
526276
528229
530190
532294
534298
536273
538299
540370
542477
544569
546660
548703
550767
552787
554759
556722
558647
560728
562706
564696
566815
568721
570649
572763
574822
577150
579153
581071
583023
585031
587142
589059
591109
593040
595038
596944
598839
600811
602755
604722
606842
608850
610916
612952
615018
617088
619168
621080
623111
625064
627025
629129
631133
633108
635134
637205
639312
641404
643495
645538
647602
649622
651594
653557
655482
657563
659541
661531
663650
665556
667484
669598
671657
