68615
70618
72536
74488
76496
78607
80524
82574
84505
86503
88409
90304
92276
94220
96187
98307
100315
102381
104417
106483
108553
110633
112545
114576
116529
118490
120594
122598
124573
126599
128670
130777
132869
134960
137003
139067
141087
143059
145022
146947
149028
151006
152996
155115
157021
158949
161063
163122
165450
167453
169371
171323
173331
175442
177359
179409
181340
183338
185244
187139
189111
191055
193022
195142
197150
199216
201252
203318
205388
207468
209380
211411
213364
215325
217429
219433
221408
223434
225505
227612
229704
231795
233838
235902
237922
239894
241857
243782
245863
247841
249831
251950
253856
255784
257898
259957
262285
264288
266206
268158
270166
272277
274194
276244
278175
280173
282079
283974
285946
287890
289857
291977
293985
296051
298087
300153
302223
304303
306215
308246
310199
312160
314264
316268
318243
320269
322340
324447
326539
328630
330673
332737
334757
336729
338692
340617
342698
344676
346666
348785
350691
352619
354733
356792
359120
361123
363041
364993
367001
369112
371029
373079
375010
377008
378914
380809
382781
384725
386692
388812
390820
392886
394922
396988
399058
401138
403050
405081
407034
408995
411099
413103
415078
417104
419175
421282
423374
425465
427508
429572
431592
433564
435527
437452
439533
441511
443501
445620
447526
449454
451568
453627
455955
457958
459876
461828
463836
465947
467864
469914
471845
473843
475749
477644
479616
481560
483527
485647
487655
489721
491757
493823
495893
497973
499885
501916
503869
505830
507934
509938
511913
513939
516010
518117
520209
522300
524343
526407
528427
530399
532362
534287
536368
538346
540336
542455
544361
546289
548403
550462
552790
554793
556711
558663
560671
562782
564699
566749
568680
570678
572584
574479
576451
578395
580362
582482
584490
586556
588592
590658
592728
594808
596720
598751
600704
602665
604769
606773
608748
610774
612845
614952
617044
619135
621178
623242
625262
627234
629197
631122
633203
635181
637171
639290
641196
643124
645238
647297
